dimwishlist:item=2821430069,202670084,3142289711,1428297954,47981717,2697220197
dimwishlist:item=875848769,1482024992,1885400500,2450788523,3425386926,2697220197

dimwishlist:item=2222560548,1482024992,106909392,4071163871,1683379515,384158423

dimwishlist:item=1786797708,663495155,3142289711,2387244414,3511092054

dimwishlist:item=3717177717,663495155,3142289711,1359896290,11551321,2697220197

dimwishlist:item=4023807721,1482024992,3142289711,2450788523,2610012052,384158423

dimwishlist:item=1679868061,466087222,3142289711,3161816588,47981717,2697220197

dimwishlist:item=1679868061,466087222,3142289711,3161816588,2679249093,2697220197

dimwishlist:item=3216652511,1047830412,791862061,1428297954,4082225868

dimwishlist:item=1179141605,1047830412,3142289711,3161816588,47981717

dimwishlist:item=1179141605,1047830412,3142289711,3161816588,47981717

dimwishlist:item=1179141605,1047830412,3142289711,3161816588,47981717

dimwishlist:item=725408022,3525010810,3796465595,951095735,2396489472

dimwishlist:item=725408022,3525010810,3796465595,951095735,2396489472

dimwishlist:item=725408022,3525010810,3796465595,951095735,2396489472

dimwishlist:item=725408022,3525010810,3796465595,951095735,2396489472

dimwishlist:item=725408022,3525010810,3796465595,951095735,2396489472

dimwishlist:item=1363886209,1478423395,2985827016,3874977694,1067908860,2526801077

dimwishlist:item=108221785,466087222,791862061,2039302152,591790007,2697220197

dimwishlist:item=253196586,2405638015,2969185026,3425386926,1890422124,2697220197

dimwishlist:item=3341893443,1467527085,3230963543,1428297954,11612903

dimwishlist:item=3341893443,202670084,3230963543,2450788523,2846385770

dimwishlist:item=3341893443,202670084,3230963543,2450788523,11612903

dimwishlist:item=3341893443,1467527085,3230963543,2450788523,2846385770

dimwishlist:item=3341893443,1467527085,3230963543,1428297954,2846385770
